25
0 9.845 24.818 27.865 4.269 11.331 18.360 28.593 20.569 30.370 16.656 25.876 21.453 12.211 7.643 5.458 7.633 13.562 25.319 28.149 10.297 3.976 18.255 19.492 28.020 
9.845 0 10.876 4.168 7.744 23.188 23.014 25.066 20.051 15.774 10.657 7.445 23.146 11.975 4.725 29.159 4.637 8.005 11.322 14.407 29.497 13.098 15.069 12.148 7.617 
24.818 10.876 0 7.733 6.035 27.524 25.808 3.185 18.908 29.913 29.739 22.190 8.226 30.445 23.994 10.063 13.516 8.305 28.155 8.204 27.206 13.002 13.696 7.666 15.097 
27.865 4.168 7.733 0 24.083 5.807 15.003 23.582 23.043 29.575 20.169 19.358 9.295 15.850 29.327 27.151 2.912 20.053 26.090 29.858 19.766 27.466 11.344 8.307 3.857 
4.269 7.744 6.035 24.083 0 6.649 4.881 8.065 25.173 25.089 5.917 16.852 24.193 16.492 4.968 29.052 30.551 23.236 12.553 24.617 13.705 10.203 26.464 3.238 12.469 
11.331 23.188 27.524 5.807 6.649 0 5.732 29.531 17.494 25.266 13.512 13.504 18.852 4.965 8.946 10.340 16.135 5.251 29.959 14.140 20.333 3.827 9.838 29.009 28.554 
18.360 23.014 25.808 15.003 4.881 5.732 0 26.558 6.217 25.764 23.402 13.783 3.175 27.200 10.276 10.400 4.373 19.053 12.463 3.902 11.007 26.437 28.725 7.718 17.986 
28.593 25.066 3.185 23.582 8.065 29.531 26.558 0 13.399 14.561 14.485 17.664 14.787 18.147 9.052 19.433 26.701 3.492 11.996 22.820 23.690 6.767 11.794 28.510 7.280 
20.569 20.051 18.908 23.043 25.173 17.494 6.217 13.399 0 9.152 10.568 9.029 6.612 24.991 16.912 6.128 11.352 3.492 20.493 28.476 15.133 24.845 6.422 16.016 15.515 
30.370 15.774 29.913 29.575 25.089 25.266 25.764 14.561 9.152 0 16.441 27.038 17.348 16.969 11.794 22.030 10.517 17.250 24.950 7.074 26.608 28.880 18.181 11.283 15.186 
16.656 10.657 29.739 20.169 5.917 13.512 23.402 14.485 10.568 16.441 0 3.570 5.992 6.627 20.185 21.057 29.290 14.275 19.008 28.249 11.257 9.212 14.195 28.254 11.176 
25.876 7.445 22.190 19.358 16.852 13.504 13.783 17.664 9.029 27.038 3.570 0 7.199 4.756 27.670 26.580 10.205 10.150 10.329 25.046 14.441 26.086 17.722 2.951 22.379 
21.453 23.146 8.226 9.295 24.193 18.852 3.175 14.787 6.612 17.348 5.992 7.199 0 12.261 20.817 20.904 7.848 23.771 22.809 8.208 27.807 12.042 21.118 16.836 25.559 
12.211 11.975 30.445 15.850 16.492 4.965 27.200 18.147 24.991 16.969 6.627 4.756 12.261 0 16.825 5.066 10.930 19.699 8.612 5.482 10.735 12.864 8.974 20.651 5.218 
7.643 4.725 23.994 29.327 4.968 8.946 10.276 9.052 16.912 11.794 20.185 27.670 20.817 16.825 0 29.538 5.200 10.876 4.033 7.757 9.124 22.150 11.141 5.363 21.006 
5.458 29.159 10.063 27.151 29.052 10.340 10.400 19.433 6.128 22.030 21.057 26.580 20.904 5.066 29.538 0 9.811 4.913 28.791 10.245 6.308 16.041 21.986 22.946 13.969 
7.633 4.637 13.516 2.912 30.551 16.135 4.373 26.701 11.352 10.517 29.290 10.205 7.848 10.930 5.200 9.811 0 25.758 14.238 13.734 3.921 23.980 7.984 29.999 8.247 
13.562 8.005 8.305 20.053 23.236 5.251 19.053 3.492 3.492 17.250 14.275 10.150 23.771 19.699 10.876 4.913 25.758 0 8.729 23.504 9.887 20.687 16.304 22.211 18.500 
25.319 11.322 28.155 26.090 12.553 29.959 12.463 11.996 20.493 24.950 19.008 10.329 22.809 8.612 4.033 28.791 14.238 8.729 0 21.966 5.548 15.796 21.676 3.351 21.583 
28.149 14.407 8.204 29.858 24.617 14.140 3.902 22.820 28.476 7.074 28.249 25.046 8.208 5.482 7.757 10.245 13.734 23.504 21.966 0 20.491 12.876 14.373 7.453 9.914 
10.297 29.497 27.206 19.766 13.705 20.333 11.007 23.690 15.133 26.608 11.257 14.441 27.807 10.735 9.124 6.308 3.921 9.887 5.548 20.491 0 3.053 12.739 12.354 5.204 
3.976 13.098 13.002 27.466 10.203 3.827 26.437 6.767 24.845 28.880 9.212 26.086 12.042 12.864 22.150 16.041 23.980 20.687 15.796 12.876 3.053 0 20.041 19.349 20.518 
18.255 15.069 13.696 11.344 26.464 9.838 28.725 11.794 6.422 18.181 14.195 17.722 21.118 8.974 11.141 21.986 7.984 16.304 21.676 14.373 12.739 20.041 0 25.605 25.493 
19.492 12.148 7.666 8.307 3.238 29.009 7.718 28.510 16.016 11.283 28.254 2.951 16.836 20.651 5.363 22.946 29.999 22.211 3.351 7.453 12.354 19.349 25.605 0 21.579 
28.020 7.617 15.097 3.857 12.469 28.554 17.986 7.280 15.515 15.186 11.176 22.379 25.559 5.218 21.006 13.969 8.247 18.500 21.583 9.914 5.204 20.518 25.493 21.579 0 
